%YAML:1.0
---
K1: !!opencv-matrix
   rows: 3
   cols: 3
   dt: d
   data: [ 5.5007122612603018e+02, 0., 3.1382284654609202e+02, 0.,
       5.5270499927209733e+02, 2.5755520874523285e+02, 0., 0., 1. ]
K2: !!opencv-matrix
   rows: 3
   cols: 3
   dt: d
   data: [ 5.5732604506464247e+02, 0., 2.9722232083258115e+02, 0.,
       5.5894572228682171e+02, 2.4907144257350828e+02, 0., 0., 1. ]
D1: !!opencv-matrix
   rows: 1
   cols: 5
   dt: d
   data: [ -1.1577003670538755e-01, 4.4257048368049734e-01,
       -1.4698068570066767e-03, 2.6073355845871232e-03,
       -7.3065586735084653e-01 ]
D2: !!opencv-matrix
   rows: 1
   cols: 5
   dt: d
   data: [ -1.0247394805089088e-01, 2.2698690595038756e-01,
       -5.6599731367272391e-04, 3.9280409439515311e-04,
       -5.9650898064745078e-02 ]
R: !!opencv-matrix
   rows: 3
   cols: 3
   dt: d
   data: [ 9.9981103567762841e-01, 7.9474523032911637e-03,
       -1.7740657798257693e-02, -8.5216654142532960e-03,
       9.9943444128227121e-01, -3.2529660271232261e-02,
       1.7472096491133762e-02, 3.2674693276007652e-02,
       9.9931330935974394e-01 ]
T: [ 9.7074551093181971e-02, 1.1187252523972895e-04,
    -1.2517558354658055e-03 ]
E: !!opencv-matrix
   rows: 3
   cols: 3
   dt: d
   data: [ -8.7123968544833530e-06, 1.2547032944888105e-03,
       7.1076511353509864e-05, -2.9476152218061518e-03,
       -3.1818294516735850e-03, -9.6985683935615255e-02,
       -9.3908822997873834e-04, 9.7018760632983217e-02,
       -3.1558174758562828e-03 ]
F: !!opencv-matrix
   rows: 3
   cols: 3
   dt: d
   data: [ 4.9416268895875984e-09, -7.0827004639171879e-07,
       1.5869214446693751e-04, 1.6670276177398337e-06,
       1.7909127847192649e-06, 2.9187205257190291e-02,
       -1.1982022668696429e-04, -3.0758248075918884e-02, 1. ]
R1: !!opencv-matrix
   rows: 3
   cols: 3
   dt: d
   data: [ -9.9949216020115050e-01, -8.6771794032457078e-03,
       3.0661510954971424e-02, 9.1783224096449838e-03,
       -9.9982596927634948e-01, 1.6241599624203081e-02,
       3.0515243636296808e-02, 1.6514772726628525e-02,
       9.9939785980739704e-01 ]
R2: !!opencv-matrix
   rows: 3
   cols: 3
   dt: d
   data: [ -9.9991620868524644e-01, -1.1523427101545424e-03,
       1.2893708341717092e-02, 9.4238217072662345e-04,
       -9.9986705729388958e-01, -1.6278195670960342e-02,
       1.2910752277354238e-02, -1.6264680898687465e-02,
       9.9978436306580476e-01 ]
P1: !!opencv-matrix
   rows: 3
   cols: 4
   dt: d
   data: [ 5.5582536077945952e+02, 0., 3.1773242568969727e+02, 0., 0.,
       5.5582536077945952e+02, 2.2304872894287109e+02, 0., 0., 0., 1.,
       0. ]
P2: !!opencv-matrix
   rows: 3
   cols: 4
   dt: d
   data: [ 5.5582536077945952e+02, 0., 3.1773242568969727e+02,
       -5.3961018848586725e+01, 0., 5.5582536077945952e+02,
       2.2304872894287109e+02, 0., 0., 0., 1., 0. ]
Q: !!opencv-matrix
   rows: 4
   cols: 4
   dt: d
   data: [ 1., 0., 0., -3.1773242568969727e+02, 0., 1., 0.,
       -2.2304872894287109e+02, 0., 0., 0., 5.5582536077945952e+02, 0.,
       0., 1.0300497889765419e+01, 0. ]
