%YAML:1.0
---
K: !!opencv-matrix
   rows: 3
   cols: 3
   dt: d
   data: [ 5.5007122612603018e+02, 0., 3.1382284654609202e+02, 0.,
       5.5270499927209733e+02, 2.5755520874523285e+02, 0., 0., 1. ]
D: !!opencv-matrix
   rows: 1
   cols: 5
   dt: d
   data: [ -1.1577003670538755e-01, 4.4257048368049734e-01,
       -1.4698068570066767e-03, 2.6073355845871232e-03,
       -7.3065586735084653e-01 ]
board_width: 9
board_height: 6
square_size: 2.4229999631643295e-02
