%YAML:1.0
---
K: !!opencv-matrix
   rows: 3
   cols: 3
   dt: d
   data: [ 5.5732604506464247e+02, 0., 2.9722232083258115e+02, 0.,
       5.5894572228682171e+02, 2.4907144257350828e+02, 0., 0., 1. ]
D: !!opencv-matrix
   rows: 1
   cols: 5
   dt: d
   data: [ -1.0247394805089088e-01, 2.2698690595038756e-01,
       -5.6599731367272391e-04, 3.9280409439515311e-04,
       -5.9650898064745078e-02 ]
board_width: 9
board_height: 6
square_size: 2.4229999631643295e-02
