%YAML:1.0
---
K: !!opencv-matrix
   rows: 3
   cols: 3
   dt: d
   data: [ 5.2728349646967581e+02, 0., 2.9707589774485598e+02, 0., 5.2728349646967581e+02, 2.4749503927101389e+02, 0., 0., 1.  ]
D: !!opencv-matrix
   rows: 1
   cols: 5
   dt: d
   data: [ -1.0734391858887632e-01, 1.0140789423056289e-01, 0., 0., 0.  ]
board_width: 9
board_height: 6
square_size: 2.4229999631643295e-02
