%YAML:1.0
---
K: !!opencv-matrix
   rows: 3
   cols: 3
   dt: d
   data: [ 5.4287045276999459e+02, 0., 3.1811690688951495e+02, 0., 5.4287045276999459e+02, 2.4879787369946405e+02, 0., 0., 1. ]
D: !!opencv-matrix
   rows: 1
   cols: 5
   dt: d
   data: [ -1.1282206661996100e-01, 1.0586790640958360e-01, 0., 0., 0. ]
board_width: 9
board_height: 6
square_size: 2.4229999631643295e-02
