%YAML:1.0
---
K1: !!opencv-matrix
   rows: 3
   cols: 3
   dt: d
   data: [ 5.2728349646967581e+02, 0., 2.9707589774485598e+02, 0.,
       5.2728349646967581e+02, 2.4749503927101389e+02, 0., 0., 1. ]
K2: !!opencv-matrix
   rows: 3
   cols: 3
   dt: d
   data: [ 5.4287045276999459e+02, 0., 3.1811690688951495e+02, 0.,
       5.4287045276999459e+02, 2.4879787369946405e+02, 0., 0., 1. ]
D1: !!opencv-matrix
   rows: 1
   cols: 5
   dt: d
   data: [ -1.0734391858887632e-01, 1.0140789423056289e-01, 0., 0., 0. ]
D2: !!opencv-matrix
   rows: 1
   cols: 5
   dt: d
   data: [ -1.1282206661996100e-01, 1.0586790640958360e-01, 0., 0., 0. ]
R: !!opencv-matrix
   rows: 3
   cols: 3
   dt: d
   data: [ 9.9973864639124044e-01, -9.3134372964407200e-03,
       -2.0878189517667269e-02, 9.6090506220963441e-03,
       9.9985436624074897e-01, 1.4103632704101190e-02,
       2.0743795649599765e-02, -1.4300566248770354e-02,
       9.9968254398434508e-01 ]
T: [ -8.6738167018028056e-02, -1.2414574276610637e-03,
    1.2779483064423378e-02 ]
E: !!opencv-matrix
   rows: 3
   cols: 3
   dt: d
   data: [ -1.4855123887734604e-04, -1.2759868396074125e-02,
       -1.4213004548213821e-03, 1.4575421912049238e-02,
       -1.3594258179396512e-03, 8.6443818995764449e-02,
       4.0766153053814410e-04, -8.6737097248603387e-02,
       -1.2492426325020750e-03 ]
F: !!opencv-matrix
   rows: 3
   cols: 3
   dt: d
   data: [ -1.4353010759502766e-06, -1.2328576305574006e-04,
       2.3698037162642582e-02, 1.4082762897767937e-04,
       -1.3134763155858947e-05, 4.0181180577747372e-01,
       -3.2442750494486756e-02, -4.1246716225002150e-01, 1. ]
R1: !!opencv-matrix
   rows: 3
   cols: 3
   dt: d
   data: [ 9.8607493384874156e-01, 7.0275616535458874e-03,
       -1.6615305658460089e-01, -5.9153150842225577e-03,
       9.9995666969467001e-01, 7.1880303699160255e-03,
       1.6619637144851970e-01, -6.1050888896131209e-03,
       9.8607377716223432e-01 ]
R2: !!opencv-matrix
   rows: 3
   cols: 3
   dt: d
   data: [ 9.8922074385577830e-01, 1.4158420477122952e-02,
       -1.4574587148531398e-01, -1.5376875897958109e-02,
       9.9985557902388744e-01, -7.2369042017424098e-03,
       1.4562235959164879e-01, 9.4000119361300569e-03,
       9.8929559190494798e-01 ]
P1: !!opencv-matrix
   rows: 3
   cols: 4
   dt: d
   data: [ 5.3507697461983525e+02, 0., 4.2437740135192871e+02, 0., 0.,
       5.3507697461983525e+02, 2.4842798614501953e+02, 0., 0., 0., 1.,
       0. ]
P2: !!opencv-matrix
   rows: 3
   cols: 4
   dt: d
   data: [ 5.3507697461983525e+02, 0., 4.2437740135192871e+02,
       -4.6917329908765971e+01, 0., 5.3507697461983525e+02,
       2.4842798614501953e+02, 0., 0., 0., 1., 0. ]
Q: !!opencv-matrix
   rows: 4
   cols: 4
   dt: d
   data: [ 1., 0., 0., -4.2437740135192871e+02, 0., 1., 0.,
       -2.4842798614501953e+02, 0., 0., 0., 5.3507697461983525e+02, 0.,
       0., 1.1404676601595400e+01, 0. ]
